$ANSIBLE_VAULT;1.1;AES256
64376134613132323361343232383963323337623865643534613236623065313437653666396637
6530326234376133353562386334613038383864646439380a363333366336636563633330346531
34333261323566393936316336343534333631396662303563643436386136313030393936303434
3932303563643362640a653538633435333761656362376366633131386664326266633435663863
61323161633166643861326437336564383265396462326464323538326263623031393566643264
35643837616265323930393731633363303832646434316563336430356431386565393230393138
32623764333034646239666366376637626330616532613238633935333132663734633663376666
32356635363035623761633936643665373261316137356465323463323131653638656537663131
32646232656566313265396439663038316334666336393138613631373062633332626664393234
38363535373962366137336466383534303938386435663535643836633164333066323565393938
36613732613136623139323335363936356136643337633936353633383762393130633338306261
61373031313237663738316538386333396137633139316436613965383832643032343566356533
63303865326338666136376434373361633638666431653837376462356165363439336438316532
62363837386337636563303232306230646665323730663363353931356463376132373463346664
33623438666332636339303861616330393533313363386363343961323535373563623738653136
30383465346330663262323134626435363435653134346339386332393932643565323538316434
31383066363635396366646238643739363332616131323839346563363561373864663464363064
61306439643435663232386661333163386662386636623563356661623030666538636466343564
35333638383137343663393066336134616332663235346565356433373637626261636263376164
32653830633061396632386366336638333965663865313238383963366661303230393766303238
39626465633933383238363238633536643864326332326332393665633635336564376437653233
35396462313131346565626262393633326464353665386333623234313064653534336263613039
31623162316634366134653331616633386430613935366331356136613339656562323430356365
63396330386564626130636562633235643861653764626362393062623036636266666431373230
31643563616634656464663062653962343630386363353566363337363033376239326531306362
34346439363932643030316663666531643937653761653731663262623032636630373063376365
31643332336563623664653735393764353163633863343838623938663866336564623134623132
33383338343965383461666565643563643861653738363338636635636330356461323961666661
34626237653235616130353936326438316231316461306537643438663563323361373333623361
35653736336631623131616134323039636562363035353133333762326564646664373964626665
36373661656139363966653531353164653337623438653463353730343965366139653736373363
33666666376639303538316435666139336230336461346164383437313661303162313839363263
65396536346464643137666439613336336132313061356236363539663764333764313637343333
62663039353638383339373538373462663530623635633533396439623265656636633038366334
38356665383962373732323265323132636365633235356162326364343766303237373130663664
37623337336538346533633361373437323766316436333736346261666330386163353764316562
63646563663635303162323334346338303833623734393933353138313662623463663832313833
33366336636436633237383364613863646361313965643966643232393739653964346631343361
64396235363039613034316432633533663364393061613533626137343631336634333738316231
36633266373231323230623865396134633764353635653934653830363931376365336333306132
39303032303632343030383266623163343038326461663332323833613630356363643964636634
61316561653933333364643436373232316132353136353632376337306163323237353563333063
62376666636463356135656334653231383731313065336334653465336336313332343137346265
30303230313534393739613531363863623330316539383434313564363637306435653631363962
63323133383638353365343062623933393832306262663161313731376631643263653430306664
33343737363839643337316435363261383361383963616335653366323661366638633031383364
66643435323363313561333462656431643163366236633166626133656366336562373139396139
65393438613036653032613937636537336134623331366435353530343238316363356430373037
62656634366434333631326630346330643533333730313436383135376238343237336633666335
37373738353639386665656165633064303136633461376335333436663839366561316133663165
30383563613930363332303837323838353031386137326164353130323261646263383762623831
35323037386532633430633032653161646338363537333630346664633363393337326563656239
64366334633164393034386266646335383235633138363336333538323761366339386130316563
36326631616431656339656263666162636530633632633430323931313935376336376339396331
30383038373466326464333964363037633065323565386139623361663737653839636539613863
38363563366464386263393262383337633433313464623639643533356434613561623132316637
36613730383639393764313839373438366633373533653062636532346639343536303361316461
33623137633338326636663764656133633236333637333466316666373362653630386634643230
66303161666330663564613033366535373936656436336466386363336161386262333565326165
65363333396330353862393139643235623866353635343666616236343762336462376130616462
65653031663864663132653130373331633534313535323334373838303037636638346662333531
30306232306530303532323739323338383737323931383431376164393066613864306362343365
35633931393338356538353831616566363735383965623930343933363666666133653866343031
66663033613566336336326461336462663462323766623034363066393931313731313131376662
62326239386333326539623836323439343562353665633364666465373435343531633261616133
37316332636336313935316332363639623834323465626430323431623037333136336662356234
33316338613134653438343138313166633132383766333935616463396635646139653135663634
63383236323765336332656632306334346534346633653931313264316464666637323963386664
39656436653138353436623235663866666633663837633337333365303765613861323430373533
32646230613532346165613763633732396630633533333336376338653436346439373362376137
61646636323835386161636230666564343836373532633630616263316266363934316463366435
64653534343032333364363432316436306363653337346666663736616264323135306132653034
36386363333964623864653861323930383038613337313965643133626139306164353465373366
32633035626639356333336164333261383839376636636233353136306436393538313734656531
62623163383962383635363330633735343666646234373030626564373433323066386561323662
65633261343236653861323263353639356461303136656133366664633565306136346166303038
34383539326332396466386263313233653236383263613333363932363236643162613732343666
34353933353166356363396465333635306134646132303766373335663337653834393334306137
39663063653932343435353266366366643165313364663863303564373330363134663737346434
36333562346239313037653463363433643132356432303134386431313365663737666366653866
63616362333362313865356563313561626235643062613665396162313732643733383737323364
30356566643465346130363833336135613835636264343630613339636464363231306664393833
39663938363561346163646431666164663739326338336261343764353638326234373666386438
66383036623161373535356535396335363838373639316262636433613330343230633065303363
35613464656262326335306135316161646564663161363235376631356365663762373631313036
65373432633434616562376663653935613630353664306531303065303362633966393566633565
62636262623135663835653266376162333837663538303535613166346561326434333362343232
64343465656263333737616139623161646438363463303163383038636433656165336232643135
37643462653663633639333832626466313064343730623161343638633338313764303135643737
32373835346530343863373466366532343234373166343761643361323133313430373330346166
64353732646331336666383465356634643837333664363762343831653639333766353163366463
33363962336339333939623831623533376337613630623531376239353831386664666463393737
61333262386438613464616230643534353961383136656265396635336662306665303337363465
39323164363061663566336130336630373833613561333663393765656530356339356434306263
34313838653633633863396538393464636161633264346462663438306232356539353863343838
32613837626361306630646561373765656235383361383333613230363134373138613331613466
37643663363635303034336233613530376433373833323063623132316461373039303065333965
34373530353133316434373632343439636465326432323030643934313066623537663535666330
32386338613264363931393737646533313537653536336131306561383338333835393263663933
39306533383730643363663232396130336633326531386164643737333466313762663631666263
63323633383035343161656162376265383763353065663463373138363333663531316331333737
38386138326637313064316237643831366139383862343362306337353565363530656665303432
32323365646433343139663463363563386130623661333234633238353462623337333239363935
65306164373162373030393462356164623061373265303263616534326336633931646436636362
33326233333337376362313962336161393762343131313533623365393533396435373965623932
33303938393466626231346266333366383638336337366531383264313832336133313530316138
30336565613763613539623730643763306563663532653336623939366530343534633932336534
36343439383139386430353738386536343331396130313463646461383635663761666162366236
33663735653961643437346666343336393563373261613136373236306366333331306531613033
35343430623139373635646665303465653132356165386465343039346537356339323265666231
64376238396131663130656532616638366636343561303164393861383632363966326430613335
66396336626237396266626566396434393566323133336133393834363837363964383431663962
36373030643164326265626663386230326166313135303464326337656132663239313966313736
38353063363765383437303839303534316231653134313461613436653864333136653466633831
62396538363030393363313135623135643264613261646635373663646464376631313833343934
31343063306365616462333637366335646539356339386161613633353266346662303537613534
35373736316465366332323636626362393634643964396630306433363563396531373431613338
36613738346234333638616666373165616130373665616632636264356534313733653039313032
30666539353066303336653036333366376365616133373334663763633466356134656132396239
38386531623961613136376137646261373665353034663236623836643366633538373062366231
31633330313636363739376133373535306635323636643630393830373035353964623466663533
36343162383964653664346365316563656432396464353862333838313664366233313365393632
64623132343837616166613237656238323561346235393435363839636438383834323633646435
64303838386239613430613665373665346136396165396362636564663463626331333634373935
62343562353638393339666466653439363362653364623139616164316230653333633935633166
32353731643635376265653461623530336562623663386239616238663738666539313965343662
61333237643934323332386633656337633535613835366635373934303032376464626164616133
34633235646435363465633930323965323532313166303432343036383233393930313865323736
30643636626138623433643737653663646639373465613536333730663437396239613630633261
34316631356564616539636439356139396639353330386231376439336333336563303737616562
33323138396661643065353030323563656538373566313164373363633234303037346436653962
33376161396436326164666238613163316366626661353231613239376438653261343466663062
30613836313631633336386138346137366336376139623463383666373531383339643161663164
32316139333037346433353433383066663461656333646637613839613736613531336235303463
64333130386636366164316537636337643965373732323738626435306264333365373033643131
64383539343934626336653138346665333430346431373563303637366338613334343637663462
66303239663833623939643565663935336634333063363039343363366237366639346632333364
3665373366386532313537343633313931386435393961396532
